version https://git-lfs.github.com/spec/v1
oid sha256:59725cda20c11947ed12135b24b95a4daf7c6a75b2cf21d5782f4e790ca4f375
size 218261
